0.00503047 -0.000317631 0.000199953 0.999987 -0.00607406 -0.002651 0.00094493 
0.00751517 -0.000568566 0.00439282 0.999962 0.485107 0.0188399 -0.00587737 
0.00913652 0.00300242 -0.00575126 0.999937 2.0612 -0.0835872 -0.00968703 
0.00400058 0.00270021 -0.00380628 0.999981 3.91291 -0.132345 -0.0144028 
0.00523594 0.002792 -0.00520551 0.999969 5.74829 -0.117118 -0.0308902 
0.0063815 0.00209938 -0.0228827 0.999716 7.65396 -0.145542 -0.048811 
0.00480022 0.00211461 -0.0225196 0.999733 9.57131 -0.183561 -0.0608247 
0.000975697 0.00330104 -0.0225268 0.99974 11.4859 -0.212733 -0.0699292 
0.00652942 0.00198381 -0.0256459 0.999648 13.3735 -0.396653 -0.0783594 
0.00740173 -0.0101285 0.138889 0.990229 15.3016 -0.425458 -0.0842557 
-0.00444781 -0.0080294 0.249416 0.968353 17.228 -0.262191 -0.115046 
0.0029118 -0.0133212 0.232854 0.972416 19.2917 -0.134317 -0.129216 
0.00222633 -0.0113303 0.192399 0.981249 21.3102 -0.132732 -0.154265 
0.00419425 0.000169714 -0.0273583 0.999617 23.2442 -0.33944 -0.165655 
0.00935652 0.00373303 -0.0048285 0.999938 25.418 -0.339063 -0.17974 
0.00609407 0.000126364 -0.0025197 0.999978 27.7219 -0.298535 -0.203571 
0.00708441 0.00203851 -0.00286796 0.999969 30.0722 -0.284511 -0.218377 
0.00937921 0.00386905 -0.00406108 0.99994 32.4023 -0.320169 -0.241336 
0.00960364 0.00349585 -0.00356089 0.999941 34.646 -0.305682 -0.26022 
0.00719307 0.00405544 -0.00522103 0.999952 36.7259 -0.319204 -0.285163 
0.00535244 0.00394617 -0.0121958 0.999904 38.9029 -0.522714 -0.298935 
0.0120463 0.00218846 -0.0138486 0.999829 41.2043 -0.662843 -0.304997 
0.0083816 -0.00143085 0.0495227 0.998737 43.5237 -0.734309 -0.326741 
0.00248436 -0.00766852 0.0687521 0.997601 45.8966 -0.570703 -0.364115 
0.00585158 -0.00476552 0.0720772 0.99737 48.2738 -0.444771 -0.387803 
0.00576704 -0.00428625 0.0632415 0.997972 50.6364 -0.447402 -0.413395 
0.00709406 0.000953277 0.182157 0.983243 52.5672 -0.120399 -0.44729 
0.00406791 -0.0245948 0.387525 0.921522 53.4268 0.548059 -0.491981 
-0.00452897 -0.033553 0.577063 0.815997 53.7966 1.30492 -0.538699 
-0.00827695 -0.0464289 0.742753 0.667903 53.8095 2.20517 -0.591196 
-0.00895011 -0.0462853 0.878281 0.475814 53.4245 2.86123 -0.627522 
-0.0107051 -0.0497032 0.898701 0.435605 52.809 3.66755 -0.6573 
0.00348524 -0.0435841 0.954598 0.294672 51.8393 4.4224 -0.683923 
-0.00636075 -0.049829 0.982597 0.178828 50.6075 5.01201 -0.716061 
-0.00778677 -0.0512913 0.997553 0.0468766 49.2304 5.18161 -0.724626 
-0.0100877 -0.0534597 0.998511 0.00411996 47.7594 5.23671 -0.727218 
-0.0115495 -0.0539304 0.998457 0.00638198 46.1519 5.15496 -0.705543 
-0.0110429 -0.0566702 0.998316 0.00563135 44.609 5.14194 -0.697488 
-0.0101209 -0.0564893 0.998341 0.00473045 43.0866 5.11302 -0.680072 
-0.0141276 -0.0559276 0.998323 0.00489301 41.3424 5.07781 -0.657007 
-0.0139375 -0.0524201 0.998521 0.00358302 39.5673 5.03703 -0.626614 
-0.0101643 -0.0542046 0.991714 -0.116025 37.559 4.95437 -0.602214 
-0.0104372 -0.052781 0.990782 -0.124321 35.5397 5.02056 -0.595234 
-0.0039078 -0.0462287 0.985643 -0.162343 33.4551 5.14867 -0.571322 
-0.00744519 -0.0506422 0.986903 -0.15298 31.1665 5.16874 -0.531956 
-0.00463441 -0.049551 0.994355 -0.0937089 28.8577 5.16882 -0.520364 
-0.0118133 -0.0494322 0.998696 -0.00484275 26.5664 5.05921 -0.491396 
-0.00724632 -0.0511866 0.998304 0.0267589 24.1881 5.09146 -0.470118 
-0.01095 -0.0504208 0.998333 0.0258574 21.7611 5.16225 -0.448754 
-0.00879883 -0.0537565 0.998477 0.00872035 19.3456 5.25199 -0.44922 
-0.00622358 -0.0533641 0.998553 -0.00246214 16.8032 5.1898 -0.422459 
-0.00940918 -0.0542916 0.998473 -0.0040237 14.221 5.06799 -0.394637 
-0.00681848 -0.0580204 0.998255 -0.00864699 11.5508 4.97917 -0.378747 
-0.00707221 -0.0576464 0.99827 -0.00917167 8.40586 4.83292 -0.371834 
-0.000544242 -0.0543498 0.996981 0.0554487 5.95922 4.7731 -0.369799 
-0.00409497 -0.0527567 0.964326 0.259376 3.92176 5.19613 -0.406997 
0.00702191 -0.0423189 0.83369 0.550565 2.78165 6.63012 -0.502891 
-0.00991143 -0.0514096 0.993928 0.096773 1.47272 7.67021 -0.578011 
-0.00537635 -0.0558712 0.993339 -0.100633 -0.490659 7.69881 -0.558525 
-0.00818855 -0.0526539 0.943268 -0.327729 -2.17903 6.57957 -0.497762 
-0.0109884 -0.0492312 0.815304 -0.576832 -3.03415 5.08695 -0.41271 
-0.00812549 -0.0369636 0.647903 -0.760782 -2.83409 3.49613 -0.281254 
-0.00965193 -0.0203624 0.373027 -0.927547 -1.78009 1.99585 -0.143101 
-0.00736739 -0.0143373 0.196891 -0.980293 -0.198442 0.979229 -0.0790572 
-0.00820333 -0.0112152 0.108739 -0.993973 1.87054 0.51724 -0.0683351 
-0.00995262 -0.00587791 0.0204367 -0.999724 3.98472 0.33914 -0.0607989 
-0.00730277 -0.00371033 0.0190519 -0.999785 4.28891 0.334099 -0.0607658 
